te = 150.000000
ti = 150.000000
omega_star = 796740.197033
omega_star_point = 796740.197033
omega_star_spread = 796740.197033
omega_star_fit/omega*        = 0.865653
omega_star_fit/omega*_point  = 0.865653
omega_star_fit/omega*_spread = 0.865653
