te = 100.000000
ti = 20.000000
omega_star = 531160.131355
omega_star_point = 531160.131355
omega_star_spread = 531160.131355
omega_star_fit/omega*        = 0.909611
omega_star_fit/omega*_point  = 0.909611
omega_star_fit/omega*_spread = 0.909611
