te = 80.000000
ti = 20.000000
omega_star = 424928.105084
omega_star_point = 424928.105084
omega_star_spread = 424928.105084
omega_star_fit/omega*        = 0.916376
omega_star_fit/omega*_point  = 0.916376
omega_star_fit/omega*_spread = 0.916376
