te = 60.000000
ti = 60.000000
omega_star = 318696.078813
omega_star_point = 318696.078813
omega_star_spread = 318696.078813
omega_star_fit/omega*        = 0.932819
omega_star_fit/omega*_point  = 0.932819
omega_star_fit/omega*_spread = 0.932819
