te = 40.000000
ti = 40.000000
omega_star = 212464.052542
omega_star_point = 212464.052542
omega_star_spread = 212464.052542
omega_star_fit/omega*        = 0.944534
omega_star_fit/omega*_point  = 0.944534
omega_star_fit/omega*_spread = 0.944534
