te = 200.000000
ti = 20.000000
omega_star = 1062320.262710
omega_star_point = 1062320.262710
omega_star_spread = 1062320.262710
omega_star_fit/omega*        = 0.833080
omega_star_fit/omega*_point  = 0.833080
omega_star_fit/omega*_spread = 0.833080
