te = 20.000000
ti = 20.000000
omega_star = 106232.026271
omega_star_point = 106232.026271
omega_star_spread = 106232.026271
omega_star_fit/omega*        = 0.642120
omega_star_fit/omega*_point  = 0.642120
omega_star_fit/omega*_spread = 0.642120
